33
251
142
98
111
24
98
168
154
233
62
102
168
39
134
195
53
209
210
67
198
42
230
235
91
1
229
167
67
52
193
234
52
119
246
148
155
82
120
24
49
105
233
222
207
0
16
230
131
190
135
175
227
177
179
87
161
147
249
3
96
76
47
129
198
183
81
44
211
169
118
16
113
48
2
79
76
24
28
196
227
180
99
229
224
219
220
238
164
48
47
60
39
166
20
246
255
68
8
243
190
38
68
216
129
197
239
129
198
120
147
163
126
58
206
175
100
173
74
249
140
95
238
25
63
76
86
145
6
165
129
177
5
208
202
184
138
176
26
60
230
38
91
204
124
216
48
211
23
49
227
191
129
169
159
99
81
70
223
154
4
98
38
46
79
176
241
248
180
122
233
72
84
44
94
135
4
22
241
26
162
110
144
138
170
148
168
226
4
154
149
89
32
4
94
49
69
204
159
223
38
170
198
108
183
146
130
27
62
125
121
76
173
108
58
160
47
170
114
94
1
82
98
22
131
18
144
132
143
46
189
182
9
200
24
113
183
94
177
210
83
148
48
49
223
52
199
74
57
115
101
159
239
118
45
24
84
20
38
237
212
222
52
197
132
92
71
32
253
154
210
242
107
227
127
144
225
205
33
208
240
118
233
108
119
12
222
168
188
147
135
53
188
226
234
84
192
239
187
63
49
77
205
196
173
243
204
51
90
63
46
122
123
59
103
143
65
30
92
14
227
22
27
36
241
68
201
171
229
8
219
150
251
128
138
144
66
75
128
224
243
147
216
144
2
74
69
206
244
179
145
146
240
37
74
129
24
12
184
18
26
48
17
239
1
58
240
158
82
116
4
96
84
208
5
89
175
44
237
242
56
212
100
124
12
72
124
22
220
64
158
208
135
238
197
16
238
131
233
53
4
244
191
123
36
254
159
30
168
104
197
195
183
136
189
19
94
8
25
169
226
234
101
46
85
202
93
194
104
99
93
158
128
85
24
248
12
38
141
39
21
134
55
8
22
215
132
160
15
236
137
3
213
17
244
116
172
76
66
205
23
227
50
34
239
30
121
161
179
78
183
188
31
14
170
139
0
201
161
107
70
125
52
236
91
190
51
234
179
253
220
249
165
10
81
7
121
216
73
60
194
129
5
37
238
137
134
18
27
103
253
188
44
65
131
43
28
248
10
215
147
100
147
14
183
225
162
149
69
10
239
146
224
196
95
169
169
127
50
102
15
184
126
219
233
194
220
138
194
199
97
133
115
10
208
211
248
110
13
22
124
60
213
107
182
33
173
146
120
118
24
79
133
196
13
15
164
136
168
207
242
51
32
58
124
117
249
17
13
187
123
208
69
247
98
143
235
159
215
38
132
248
159
148
37
148
147
162
133
25
80
195
86
69
47
63
214
47
120
144
161
208
210
12
201
193
254
197
40
70
197
174
245
140
47
255
150
47
246
218
181
255
58
46
150
4
118
220
168
192
179
24
90
179
252
18
47
37
17
214
21
31
96
113
243
187
48
86
129
157
32
0
92
194
208
216
90
121
222
88
26
174
20
113
224
110
223
42
160
168
3
139
89
49
142
185
165
11
10
98
141
231
247
91
161
232
121
136
73
170
77
253
86
131
1
98
220
9
101
156
68
212
61
170
157
133
56
204
51
6
38
235
99
20
101
53
173
251
156
8
11
161
172
17
129
198
228
181
246
138
117
175
66
48
37
251
136
33
71
243
198
52
234
185
170
44
81
212
168
131
163
30
73
102
228
221
198
0
36
48
213
251
246
173
195
68
36
72
195
15
161
118
134
28
191
147
11
56
162
129
185
6
245
147
171
255
219
169
75
184
41
156
34
99
210
220
238
153
163
87
245
87
48
157
154
70
14
66
46
63
66
132
8
14
250
46
216
118
123
189
56
118
91
192
132
203
240
133
236
182
8
241
199
255
218
176
42
58
61
143
186
73
24
37
190
34
26
185
121
211
171
96
182
195
34
102
164
58
56
239
228
35
188
222
225
17
137
246
96
129
182
63
88
95
12
172
3
203
189
250
53
28
82
219
237
37
230
84
41
184
146
100
255
105
40
230
234
148
36
184
98
162
223
29
175
135
6
96
254
143
75
187
181
91
90
118
4
38
15
83
188
78
230
42
101
15
179
209
139
145
147
62
88
37
34
240
104
203
238
139
216
249
44
194
160
151
170
121
35
78
5
43
5
2
28
138
61
157
196
102
107
15
190
208
107
147
230
127
42
51
172
115
184
142
200
215
159
217
42
44
